65
58
56
42
55
55
57
53
67
41
58
45
43
50
54
55
44
53
54
47
64
39
52
49
46
43
63
46
45
35
54
66
40
53
64
44
69
47
33
61
40
52
56
38
54
33
36
36
64
49
57
50
48
54
64
57
49
64
66
43
46
41
62
43
52
45
45
71
43
55
40
66
54
45
57
37
35
61
50
50
44
58
53
42
60
39
49
45
60
50
29
48
34
49
50
53
62
53
46
63
44
63
49
42
58
63
62
57
45
59
45
52
43
43
60
50
61
48
71
54
53
45
55
63
51
43
50
51
57
42
57
58
40
49
52
62
52
35
54
67
52
45
51
53
67
59
64
58
46
39
45
48
41
54
54
38
57
44
35
60
53
41
44
51
54
68
56
41
62
55
34
49
49
49
42
49
57
43
40
49
56
38
58
41
42
53
53
53
62
59
45
58
62
37
53
50
45
35
35
44
52
41
32
65
50
58
42
39
53
49
52
51
58
56
40
63
48
53
73
47
57
44
49
62
50
61
64
48
36
42
54
49
54
43
31
39
55
53
47
69
55
44
53
68
39
40
44
52
59
63
62
48
52
43
47
33
67
51
43
40
50
76
47
45
41
56
57
36
38
59
40
58
52
64
42
41
38
50
66
41
46
59
45
46
50
50
58
56
46
47
45
55
53
51
42
50
46
69
55
48
52
53
58
50
44
39
45
63
47
62
44
39
42
48
41
50
48
50
57
47
57
36
42
49
62
42
47
49
45
39
43
39
54
47
38
39
55
54
65
44
56
51
40
47
52
48
50
53
54
51
53
58
48
57
40
41
49
49
55
37
43
47
53
40
45
46
54
41
64
62
48
46
36
40
46
55
51
42
50
50
41
50
50
46
60
49
43
50
49
52
62
47
41
43
46
52
47
47
32
45
59
52
46
31
35
45
54
43
52
49
45
62
61
50
46
39
42
46
40
45
53
67
59
47
39
39
54
46
59
48
43
48
34
54
46
36
53
64
54
57
51
46
45
55
49
46
49
50
57
42
55
54
50
29
39
39
43
34
49
38
54
43
49
44
46
47
56
43
57
39
41
33
39
36
42
58
41
41
46
50
39
44
57
55
44
37
47
53
43
45
48
49
49
47
32
37
40
55
53
47
58
35
47
52
36
38
54
41
45
24
59
45
59
37
44
54
59
48
44
61
49
53
55
46
49
53
70
48
36
49
48
53
66
41
42
38
43
49
53
40
45
53
43
49
41
38
55
41
39
63
43
47
39
46
45
51
40
42
50
50
56
54
48
53
48
45
50
52
62
46
42
48
51
50
55
56
52
51
41
33
47
54
55
49
45
57
45
60
41
47
44
49
68
39
33
50
46
35
26
36
51
47
47
44
50
34
33
38
46
42
59
42
50
41
42
41
52
62
36
47
38
45
63
44
42
51
57
49
37
62
47
55
43
56
52
47
51
41
43
58
47
41
42
50
55
45
35
43
48
40
44
47
43
39
47
34
49
47
43
61
48
37
51
35
47
41
43
49
58
47
47
37
36
56
47
56
43
45
55
55
46
39
50
45
52
47
48
35
46
54
50
58
49
43
42
46
52
45
62
58
57
60
43
51
37
49
44
44
27
48
41
35
46
52
61
48
58
44
49
40
52
36
57
48
39
54
57
40
35
61
50
41
49
50
60
54
41
44
44
50
40
55
47
38
56
49
58
51
42
52
48
48
53
57
44
29
54
41
42
53
49
48
60
45
46
31
49
47
50
59
58
48
52
47
45
37
56
52
65
42
48
45
52
51
46
50
52
52
45
54
50
41
44
45
41
45
45
56
54
50
58
51
48
41
51
39
54
44
52
53
37
35
45
43
49
37
41
40
48
44
54
63
47
56
50
64
42
43
43
52
34
44
42
47
52
49
38
62
61
44
55
47
44
41
62
60
44
63
45
43
36
58
62
41
58
46
45
40
63
53
57
39
45
52
55
44
56
64
46
64
60
52
46
58
34
54
50
59
49
37
55
32
41
47
49
53
55
43
43
50
44
64
49
49
43
64
54
40
50
57
49
50
53
54
51
38
61
44
56
48
55
61
46
51
67
49
63
40
53
48
43
46
67
46
58
43
46
49
59
39
39
67
55
57
51
52
59
45
48
52
41
47
52
49
38
44
56
45
59
53
53
66
36
57
51
76
60
46
54
55
54
52
51
49
41
57
54
32
68
49
41
47
51
57
36
44
47
47
44
43
39
49
60
50
40
60
61
42
46
50
44
68
43
54
49
50
54
56
55
49
